feature selection:methods <function f_classif at 0x0000018EE1EA3B80>
scores
41.47
36.87
31.88
30.51
24.35
23.00
20.10
17.60
16.98
14.34
13.91
13.91
13.83
12.96
12.96
12.22
11.13
11.13
10.38
10.37
10.11
10.11
10.05
9.51
9.51
9.50
9.32
9.28
9.23
9.19
9.16
9.14
8.50
8.28
8.25
8.12
8.12
8.12
7.97
7.78
7.49
7.40
7.29
7.29
7.29
7.09
6.98
6.78
6.74
6.53
6.53
6.50
6.50
6.50
6.47
6.39
6.39
6.35
6.35
6.35
6.35
6.18
6.06
6.04
5.92
5.92
5.76
5.72
5.69
5.69
5.69
5.52
5.52
5.52
5.52
5.52
5.51
5.42
5.42
5.42
5.42
5.30
5.28
5.13
5.13
5.04
5.04
5.04
5.04
5.04
4.87
4.87
4.87
4.77
4.77
4.65
4.65
4.65
4.65
4.65
4.65
4.65
4.63
4.55
4.55
4.55
4.36
4.36
4.29
4.08
4.08
4.08
4.03
4.03
3.96
134.41
189.22
136.76
0.16
0.02
1.58
29.31
2.31
13.08
0.08
0.31
2.90
6.45
5.33
2.96
2.06
11.36
2.56
4.66
pcalues
0.00
0.00
0.00
0.00
0.00
0.00
0.00
0.00
0.00
0.00
0.00
0.00
0.00
0.00
0.00
0.00
0.00
0.00
0.00
0.00
0.00
0.00
0.00
0.00
0.00
0.00
0.00
0.00
0.00
0.00
0.00
0.00
0.00
0.00
0.00
0.00
0.00
0.00
0.00
0.01
0.01
0.01
0.01
0.01
0.01
0.01
0.01
0.01
0.01
0.01
0.01
0.01
0.01
0.01
0.01
0.01
0.01
0.01
0.01
0.01
0.01
0.01
0.01
0.01
0.02
0.02
0.02
0.02
0.02
0.02
0.02
0.02
0.02
0.02
0.02
0.02
0.02
0.02
0.02
0.02
0.02
0.02
0.02
0.02
0.02
0.02
0.02
0.02
0.02
0.02
0.03
0.03
0.03
0.03
0.03
0.03
0.03
0.03
0.03
0.03
0.03
0.03
0.03
0.03
0.03
0.03
0.04
0.04
0.04
0.04
0.04
0.04
0.05
0.05
0.05
0.00
0.00
0.00
0.69
0.89
0.21
0.00
0.13
0.00
0.77
0.58
0.09
0.01
0.02
0.09
0.15
0.00
0.11
0.03
