feature selection:methods <function f_classif at 0x000001CE61862B80>
scores
42.67
35.27
32.39
18.42
17.14
17.14
14.31
13.86
11.38
11.36
10.59
10.41
10.30
10.30
10.30
10.30
9.34
9.28
8.58
8.58
8.32
7.94
7.56
7.56
7.38
7.37
7.37
7.14
7.14
7.14
7.10
6.97
6.62
6.62
6.55
6.55
6.55
6.55
6.55
6.55
6.55
6.46
6.41
6.41
6.41
6.41
6.41
6.10
6.10
6.10
6.10
5.91
5.81
5.75
5.56
5.56
5.56
5.55
5.55
5.55
5.55
5.55
5.55
5.55
5.47
5.47
5.47
5.47
5.47
5.47
5.19
5.19
5.19
5.07
5.07
5.06
5.06
5.06
5.06
5.06
5.06
5.06
5.06
5.06
5.06
5.06
5.03
4.92
4.92
4.88
4.70
4.70
4.70
4.70
4.70
4.70
4.70
4.70
4.58
4.58
4.58
4.58
4.58
4.58
4.58
4.58
4.58
4.58
4.55
4.55
4.55
4.55
4.55
4.55
4.41
4.41
4.12
4.12
4.12
4.12
4.04
4.04
4.04
4.04
4.04
4.04
4.04
4.04
4.04
4.04
4.04
4.04
4.00
3.86
3.86
3.86
3.86
3.86
3.86
3.86
3.86
3.86
3.86
3.86
3.86
3.86
3.85
3.75
3.75
3.73
3.67
3.67
3.67
3.67
3.67
3.67
3.67
3.67
3.67
3.67
3.67
3.67
3.67
3.67
3.67
3.67
3.67
3.67
3.67
3.67
3.67
3.67
3.62
3.62
3.62
3.62
3.62
3.62
3.62
3.62
3.62
3.62
3.62
3.62
3.62
3.62
3.62
3.62
3.62
3.38
3.38
3.35
3.35
3.35
3.35
3.35
3.35
3.35
3.35
3.35
3.35
3.31
3.31
3.06
3.06
3.06
3.06
3.06
3.06
3.06
3.06
3.06
3.06
3.06
3.06
3.06
3.06
3.02
3.02
3.02
3.02
3.02
3.02
3.02
3.02
3.02
3.02
3.02
3.02
3.02
3.02
3.02
3.02
3.02
3.02
2.97
2.97
2.97
2.97
2.97
2.90
2.82
2.82
2.82
2.82
2.82
2.82
2.82
2.82
2.82
2.82
2.82
2.82
2.82
2.82
2.82
2.82
2.82
2.82
2.82
2.82
2.82
2.70
2.70
2.70
2.70
2.70
2.70
2.70
2.70
2.70
2.70
2.70
2.70
2.70
2.70
0.00
1.20
0.22
33.62
3.51
24.21
0.03
0.59
70.52
0.04
1.04
53.50
57.46
1.02
29.59
1.24
4.38
2.09
6.64
7.98
0.00
37.53
2.38
5.32
24.15
2.95
1.09
0.16
0.14
pcalues
0.00
0.00
0.00
0.00
0.00
0.00
0.00
0.00
0.00
0.00
0.00
0.00
0.00
0.00
0.00
0.00
0.00
0.00
0.00
0.00
0.00
0.00
0.01
0.01
0.01
0.01
0.01
0.01
0.01
0.01
0.01
0.01
0.01
0.01
0.01
0.01
0.01
0.01
0.01
0.01
0.01
0.01
0.01
0.01
0.01
0.01
0.01
0.01
0.01
0.01
0.01
0.02
0.02
0.02
0.02
0.02
0.02
0.02
0.02
0.02
0.02
0.02
0.02
0.02
0.02
0.02
0.02
0.02
0.02
0.02
0.02
0.02
0.02
0.02
0.02
0.02
0.02
0.02
0.02
0.02
0.02
0.02
0.02
0.02
0.02
0.02
0.03
0.03
0.03
0.03
0.03
0.03
0.03
0.03
0.03
0.03
0.03
0.03
0.03
0.03
0.03
0.03
0.03
0.03
0.03
0.03
0.03
0.03
0.03
0.03
0.03
0.03
0.03
0.03
0.04
0.04
0.04
0.04
0.04
0.04
0.04
0.04
0.04
0.04
0.04
0.04
0.04
0.04
0.04
0.04
0.04
0.04
0.05
0.05
0.05
0.05
0.05
0.05
0.05
0.05
0.05
0.05
0.05
0.05
0.05
0.05
0.05
0.05
0.05
0.05
0.06
0.06
0.06
0.06
0.06
0.06
0.06
0.06
0.06
0.06
0.06
0.06
0.06
0.06
0.06
0.06
0.06
0.06
0.06
0.06
0.06
0.06
0.06
0.06
0.06
0.06
0.06
0.06
0.06
0.06
0.06
0.06
0.06
0.06
0.06
0.06
0.06
0.06
0.06
0.07
0.07
0.07
0.07
0.07
0.07
0.07
0.07
0.07
0.07
0.07
0.07
0.07
0.07
0.08
0.08
0.08
0.08
0.08
0.08
0.08
0.08
0.08
0.08
0.08
0.08
0.08
0.08
0.08
0.08
0.08
0.08
0.08
0.08
0.08
0.08
0.08
0.08
0.08
0.08
0.08
0.08
0.08
0.08
0.08
0.08
0.09
0.09
0.09
0.09
0.09
0.09
0.09
0.09
0.09
0.09
0.09
0.09
0.09
0.09
0.09
0.09
0.09
0.09
0.09
0.09
0.09
0.09
0.09
0.09
0.09
0.09
0.09
0.10
0.10
0.10
0.10
0.10
0.10
0.10
0.10
0.10
0.10
0.10
0.10
0.10
0.10
0.99
0.27
0.64
0.00
0.06
0.00
0.86
0.44
0.00
0.85
0.31
0.00
0.00
0.31
0.00
0.27
0.04
0.15
0.01
0.00
0.95
0.00
0.12
0.02
0.00
0.09
0.30
0.69
0.71
